Bert
Accuracy: 0.9547813194959229
Precision: 0.9302573269041773
Recall: 0.9679273322664189
F1-Score: 0.9469216921502884

Bert Domain Adapted
Accuracy: 0.9243884358784284
Precision: 0.8898178290144304
Recall: 0.9417879243077856
F1-Score: 0.9120057188910177

Roberta
Accuracy: 0.9549666419570052
Precision: 0.930629650714863
Recall: 0.9679805849695996
F1-Score: 0.9471757684766318